1 0 9133 361
4902 6293 8492 7481
4995 361 7875 577
5435 2515 6508 3141
6541 1856 7066 3573
3409 602 4970 2199
7396 9492 8480 9900
7875 432 9997 708
9048 4150 9540 7820
6991 8410 7311 9992
7073 1519 7949 3294
0 4194 1446 5086
7161 3735 7254 4112
5198 2210 6477 2272
5260 577 6180 1788
0 5086 3901 5555
4164 3383 4918 3421
4649 7481 8490 8026
11 9519 3792 9979
9002 780 9459 3914
8574 8947 9968 9742
2978 413 3311 2412
6851 4113 7764 6292
6984 8026 8575 8405
8095 710 8933 6018
2433 8810 3790 9517
7765 3328 8094 6180
9133 0 10000 432
6768 649 7795 1404
271 2335 1850 2935
18 7470 417 9234
1446 3525 3865 5081
3793 8673 4844 10000
5432 3141 6541 3758
3938 3759 6850 5745
3508 6440 4649 8673
8575 7889 10000 8947
112 3498 1176 3740
14 5555 356 7435
0 3740 1446 4194
8492 6020 9048 7889
4313 5745 4902 6440
1919 2485 4923 3376
4923 2272 5432 3759
0 361 2976 2335
592 5613 3508 8701
4844 8045 6983 9807
7311 8405 8574 9492
267 9246 2429 9257
3810 5965 4313 6347
