3989449668062477340
7741742132017265669
3739237154901857934
17689121227803811281
17750383024649799855
8106492698086563664
16507216452601471690
1105351318760355948
16083826293733072183
13740514291784945836
17500092790838861802
9739697165218743546
2462767069080431897
5184218382085133453
9140639327503403079
9628786731486870515
16615517110375782446
862216561067438142
5376872286395854121
17392786001481538614
17133229940830328193
3920748445804284228
9599876728615805084
2229827879977254364
18112063849492423236
16012203415528838966
12305020890174915418
17752175089884607220
11381011797585968343
12554307593820994344
6935260262924856824
9055282543025516119
10771109850793589547
7622609645678756930
2966947400684919724
436033657546460905
2213233116148959468
1843047092178148241
13683658198708021655
6282653586508509377
16723320940460088236
1332394098190064775
16627039644667178605
3902175463077557236
4018584674277065484
6244942183958191622
6136790689323176918
13287671334856011691
6817791309657472216
8400229492081857796
2396690883763770328
4630740100148047971
10165863447958399929
9963020531990451797
8278279523750970380
16964561757219186994
10878675583682754459
9849855141351951011
14723393114306171972
13926301702925589866
8948964715421291534
7120609143163854152
4927113420806732059
14922473151557582564
6247011513509650401
1510468370578603661
14516900749680099418
17109733379872825834
5059316515761370100
16913405743504705567
12434285769397155655
18203831550078302868
163771881382973469
6423853169212191205
11238741294894740204
5434137342434714500
4341155862131007154
3270034946040107644
13890547458717916345
6071050359425475680
974104443084975115
9110775127558989502
16764591541453271523
2770012232232359527
10210928886393493152
7771507006434919725
9429135241246234344
703832727467095047
5946042358867307914
15101935851314556714
15489505616826462940
16195523188778408778
6106130635289972287
15880692379543223063
3553409087507324484
17369644807959917814
980288249220081866
976264742958276291
8851936720141142206
2390240195556886269
5305425538482549969
10062114784741879585
8364605407385710891
6678634160631105157
9088297084040826401
9011770806521153933
10870444348400749758
9774888862434633875
13490368025640709348
4182225781928003839
2748222415627595578
17113891588031125138
2225009788334397422
8422751729349058706
14744058905715411180
7894725996947291924
499260083447214900
13485483683844113117
5556340363361162754
11580353564867975317
13924106592808577016
12566138825870741128
17386202337029838827
14341881617099980964
11855638545849822125
17796495068027407334
2521091562430725134
13068718988306680055
5381748949217474883
9206896879489212359
17764367278756874396
10848226281142101410
7129869107736964134
1598874509058055596
16081360425682651040
8704111068943095934
4973941342962861223
11430189838578133339
18352661140191281811
5770037885886941327
17458112064671176724
7941502222486726565
7833394790764412245
12139156071656965725
7428203956403392103
13520607214542992985
6754510817278310143
275969387510369074
17351108139221292303
3043913898777512676
12158858282259358583
5763174206104104336
8891226977704319526
9722979396444929429
14961064229410236388
8269140447414458114
18004748600151890602
6581763826883808717
4263594586752305169
4922266014976493057
16838111872242434315
8227057111638950937
11556272569726884797
9877299734913633286
8391996347080206749
14239327512612134446
8366517124154471922
16991577332509751032
8782645479022205779
7199405776849711522
14689449408091941007
627509627119649882
3363434978672408440
8149581443702011393
17016915613151272421
4783765045591354982
11094414920342811076
13401239983455095355
17037328383513176892
11438232172553557177
11641677601428458560
17799909038264152158
2051934713850603109
15982596995140552708
17852456865799559492
10347226779353311846
13616312785477531697
16900194367321353065
6558508224214472734
12604325345986933340
11062248138029362322
18188145582959476852
12644328601282081315
6930868316096343652
6226240811546664539
16228328930202056548
6135057561459150151
11931077907620650691
8864781761831556908
18082538123240754730
11657312091937117923
15224211250518176055
17225450518873752897
6961533859845280105
17328163685195423218
13255717851320305298
18371997989368013875
1356818850167077356
9098412165366958792
9826526869048353339
9785655236687231016
16551601550813784355
11979600569546397304
16522781434170476312
930985177788295275
10913288994226805676
18336647387376337884
6308627509582367426
2971658675669074664
13379346696801233203
7513728718169135103
6058614446425754269
11467762502040656463
13005594788082298773
14261066575361955237
9292319394492358826
9286705702415709471
8215040181532400199
3345784197645422196
4346456817014434959
1284276564355649968
12747020522362583156
4294718077586662799
7163415985008182736
9930932561114130899
10513105677808692534
16718633641247560204
7825970548927138943
11598783996150066201
13760805052725284992
15647004154824897919
2033263296324982626
4172514114818964788
5621776369049206877
10048430795215179739
13618383078499178668
2954300167640137517
3312820421997799638
1842007871102596747
3331533598929180044
12377177824006456164
1348065738151964376
3354736711146686853
16170681078151528329
4746660683084732824
6887944691107653266
7241912388429269850
16700013307684555126
5704753591721852568
10017870840492532462
18159423951408185061
862518624512278143
10711716493619507589
6467083379701667224
15046366432109407235
11076779124639635538
15600568779519866009
10817814764852647832
8264875418097748547
14070091195516968823
17617467619345181047
15217458852118172368
9431307090814036299
12678330160693470755
10316207088180246304
14745077805871304235
6701884482901411342
10261947956293841883
1487949755574072397
16615325008442567071
2547526724099578763
8537265457663345045
4236210111111769423
10880528704355607073
5541013406822518842
2981211211658033073
2442943475360566427
15015677281094443176
3529705732488630192
5966394286188760839
5345196275972623240
17167243724770909294
3968718038909237181
16644003809274497692
14307273201317191147
1060631208105123568
8969437989420955019
7296032478346483017
478491872713691086
12978618515393276393
4604225532495983626
14418444993834759428
17605132519248326655
6869739194273627781
12178845053204964192
14984115696048204668
4703656285843103723
4434723491875817176
15271897693269637806
12757439513154951509
5985740139523735956
7224059979703914132
3547481724176735276
12053180593710192034
17412965428910770207
7922986254271980339
13078556597125706194
9025531945659606833
7962576830552682622
8692640246406977457
76585942731323571
12290888152092165185
1671274813569898116
13447054638694641584
8232659414630831792
16386656990206712195
14317817322477493924
13464308622199942789
14588186696235954451
6680908548321737421
3601348719996356199
17474703972373972636
1364982152689101024
11672477859823845878
3993259968516407159
2323481867702165019
16303270274362343888
5995339130037751351
12867749377681301829
17732734586484666274
8002750834494802116
14475840135851268490
12826467881113447840
15023994758205007507
9928074876749360870
7958538465644098107
1946521652862622071
3494024271089872046
13828916390572415365
9527499247073444674
8909585715928166174
5275649886518717744
5138893726203631935
6005455157780946471
16525686267968812642
13536878110985892322
894272644577542335
14278413201401173928
13544765603284423270
17293668572860582262
13354847509139477404
485373463365979177
16158922658421257286
11182154242390016908
17895821621054868491
2540569660854955982
10454600272126480948
11252847456702711134
16056565077932251829
6115262410687748526
11063301290968180872
16117287567557201629
2650031704204340209
11693621499921747112
3873488170403380554
98791682778642016
14234576999066847156
11712906353666437499
2209053080767854960
8462650896860477554
12463180285033594331
8788422905955285067
8237516343314678052
13073262949760381925
9134406695398760391
4446747123596130132
9987152919280829166
8887551288463562135
12556303917118231162
9007079490565997038
14750458936404420137
13699013838247983502
7762457250288295612
8754652301887857800
10166471233619737784
6010401390107695163
15297208180465141023
15246728505882697974
6172033200790891032
13464485034427387141
5162019139410613911
15526722625274415148
14850851831066498052
10823555850169607905
13313474305971722192
2503286002378389679
18070806089829223950
12359494290603831125
13223367801149796541
7102124358190770182
3015951407857065906
5004208619929556372
3735929826699386584
4545005045226457996
2324981318106047308
1037937717140608490
5481962792005797091
9718203711102731320
2354696291228428741
11690901940959075620
5160049621637233322
5084286300192742512
11434477968834791694
7647943311110275751
10487427193224077303
14120186211851413531
11170030670159920739
794951405054547903
6976840529825627442
3653481684222862035
16245999031775121297
15294504885177003841
16489222896876982195
3140885436606012728
16103718927109456411
7187964073598729120
16940804981634613952
14340756327989323280
9944503586241631873
5506986370047157384
85872811885178756
15797651099751515337
14742913222732233703
12481042655505397623
17616241253148695014
9637932087491449094
6758074556104255623
17445148017194879992
2075418561259424376
2083677240401825207
2592115891713013242
104647564116387642
5719626143591477033
10036111878557547981
9618561329555521208
10467225543912303945
16546060888088357171
2787369381964300470
16404694619398211386
525766198252242253
776616579760753623
3718380546298477474
14104955935940834635
6909772343615257822
12698081371888603786
3747046721379007294
13878045538559657949
816823864322237076
8155336866734383709
10822718511787479949
17942925091658945724
1767615472247614628
7304218806062524384
8226975991152701197
9704278465174097120
11039885621352181706
16647472720339271311
1830304602448953059
3091869637926390670
1196818289614457709
9558475659099522543
3841137850583547478
3983979535781600268
3539224881266122546
11697121873470126113
5813767140660035598
8400996493845343536
3235383043986032910
14764983876870203252
8786910974489370590
1587950913470829524
14510348356930666956
7452393165959390290
3386596091150377380
13280050820164071437
9341040327806462410
2496505075518141002
16677082166783597862
14070935630405498999
6402377369666846253
12254621022029153870
1073623054867296018
6256220709679022644
13709777576901704058
15747690786710744080
5147079891491100739
17103164647964013177
17526366518966008157
4827100675588280483
8884657657122660993
12104810676177967823
14581918069833188224
512437473756044618
6790952315963786768
11968500717189917454
2656205723970275074
5309084909619679080
17829995647310952084
6826982999140690646
14638732709390643330
8577565412251402480
13409223803140815353
5780951088590836108
4895835635418390370
13963918049095392624
7281837642989445417
7854318183945982956
2829556667015035503
9488652504562336377
18188274692639836923
3938607267466376254
5610727108699694666
16759165373040746019
15687229339613820341
10162467003971534264
3328956689631769235
7034778813467825581
9034505599335345822
7123273111573306964
10597008863284553740
10855008760205344580
15782321306397704293
12107301077195021181
17888471035425168388
6342275887210044954
2008800157004845110
11186339925807738504
9273539398202293940
1821183598012563660
17478947070651072568
13552141502370016427
15010405781206492377
2529002912153489748
6702597298569079841
11169256312072594651
17820113145181109470
17353290638957371208
11211090535818301148
6914373948710145084
8333182218380676738
11368992885467569807
8869650095591636267
15108053359124447497
4939435544348848876
17845277430629260957
13541157190910168486
4423405899355367926
7584407244035413764
547097745083521190
9483503541475464738
17459104757875639339
6322829172110075288
1985513064110597736
9029347590937483527
16884360334382247223
11721575896351596487
4867090687081104093
5904286868516055591
4043379677737317233
7256022997566379538
3928801648810876013
14316010637579563744
13645206812856097191
9815231150226711290
6973909240065917642
15881030054155666289
1347847847500480918
13962086563032256248
9826512938454856714
5054220150197201036
8481330559681691184
17668445167125524384
4029748883870621828
3633316052691748539
6439867252415336295
17467194041195886725
15745957070551164525
13267926131045278439
14600001838815200477
12429146957737594065
11182121856859540438
12127145531372554825
3184764576842349926
2383721895189710667
4686286483706690336
5060156975769050386
18381497033003407263
11212953943928893877
12600958346506904176
3006325599117306475
400497650607605155
14532565701846526569
7184637307844456646
5674154020160717720
17242219350345567077
16231407516161912428
11559457416052850790
6107777073733935514
12541266976291275183
9597717725048611219
4825512633884481077
13882773306482004277
8289262394825054878
13332358284044682847
16506813034767606194
14385368628575020271
4970697060309487865
3718779833227565873
7743325062358900019
10939014657441073992
14968344487839089566
12549244422899533220
12262182621130340670
2497746960781641675
11991556992954604780
16618942109854684628
8948018458030187847
13239093709694100407
5243014395632189203
3062397813855185770
10897496073419405590
10591721460369740716
3244539718958663300
269645995195979075
17284606176605198646
17722294616662846114
9197443047418597537
13455662419602077490
4411085143096175078
18426933795708927029
7278788081596943265
4943476439724472960
11896888875551919648
15760054718259663958
16620983321592779109
16928505113354628911
2116903039609978688
1455028729299181064
543363586577771500
11411889182850880084
3836383842153232052
15365900539696909964
593786633394578045
5317007389291572187
11427327321536551692
2780623895504008169
7434087426910558476
14347267028532857368
15914085722326436068
5351793552449475779
7318802256440376095
16842842204507518009
7256535852068262972
9551150287976892196
2233238455291492874
1282373800949706936
12804060485847754795
12038641018814419136
4710438379625224267
2896475562421381295
1654440002109775376
9974296274709017741
17840259110770030030
16299921489113957802
11450797574291463850
272807680657439575
12806721804864107442
14494810588301921698
12712159343104128389
255261745090778825
2341171773662296473
10532048911959801223
13486758503883072139
11252304496260969039
3435284479088474916
17246979058752583847
13261525703112509486
4871216653827686265
755568577325738928
4243439901232740177
4644046205272559988
6959184632266317044
4956541920901707034
1957926227903680307
17896642112562597117
124768541246740920
12126966338728175867
18093828503774427721
1957907641169989969
4538381295239494798
8223111641687697679
1278806102465294330
15291118465155284627
16490514953025899560
220440868614976688
3802251705592506506
15774584240345867229
5303711019323887170
11068768875556995121
107531663379884917
4830366850707090336
9037398089483880020
18001586185373641153
11540239449849855803
16348737618641532168
465547765486304812
8452965342104832978
11019612031166840795
5919639917557523915
14559411475335193981
2713049781084479183
6914857918198370251
12109001445440183396
3849512078705346452
593714009028546988
6121027106359222397
13999285806873891210
12441383935558456569
4938326283330228149
5989862757433056320
9188163419807378039
9432546501063976704
9056793282813789920
12489736369309242618
1110167465718234198
3827807485322877237
3342563955298068841
10675611507439594203
2351198972387037801
12650835596338004160
12271585545170512874
7586963424058742947
1262914971472383445
10105928848692214506
18309824460874667136
2006905998818929424
15998021088805402382
16926490944749007414
18396725139562962395
3494642542058012719
6066861996777183811
3729044506957977972
1259485762456402733
10345897641902715129
16042172758112606309
13397974363726600588
809096629695531093
10117936940584865238
65798024687458305
10582342831605236149
16822061142007062465
7430657136480675255
4145010923029314872
11392094532730034577
10487819078540425577
9511779954348758605
14159345432514945270
10910393701771105369
6053275920948525783
12646308404730746064
16819902086736616779
13923422703455247530
5026604341546902949
7315452738240071181
4365064612294071109
8539556506450989079
14625392052247113166
16379056277362568309
13340453149718327400
10516268203611829116
8301888542735060055
4900086337813667434
2364594007929051760
12777801199921451233
8472304625388638214
14190002011315347016
13731482854849051513
1334857857390045476
1466132955447123632
9197332677688813422
16428655694046340013
13215710883048160748
18220800166421490264
17564748873300047345
13740012361506351577
15603718561201729239
3224815774784461649
12788981889594085341
1836272595990491118
17065779938812126437
3552050125395640234
13573322037726969485
12968534726813025169
1668394447485448639
1629541519704606450
11326898876252108863
6267080107818253691
357660002210233247
14398827693766956151
8966599846085650764
5702053528009456614
1300061218400153743
13804197959051004261
7614753544654718010
13158523918351969834
4602067486183846570
8661061570868794819
12284138969281854588
743924440955462070
4708010393090892779
5281814671804467520
8585623872039637921
17758322002914135269
4191365888055151537
11381913252900635136
7717751936034739309
207549231351393128
4695496027821148587
535188793686076439
9372355773568858777
2185561590443828574
5281834012943391646
14026265445776403159
6425143832658257073
7278517137732607651
16363498614632204392
5889803140128410336
12180163688256203935
1979570293007137426
6237597501736945871
17039522377235217680
7739664614689135224
10959310892122523502
5803126638065201908
16006088629584893829
15943098892750209295
18369503485589712417
17783747844920608695
4872467367438577623
14822196010485239177
2805267651362999248
17740318958671259946
12562895772197168677
11905014680871025092
12107484225777949792
15589568625828233817
16589754961620205436
7297600617878376337
14449977301907756881
8170687482472824289
15030540084520036061
18261682257708935551
10125824017843022091
9600036865211971183
13784912782369163525
8676393568235855420
5527215312157137406
7027014293977800657
427222055547907807
11307637228782789704
3059468537902706326
10973295418224118527
8764234136668923065
10534677851622337200
6526848124112510323
13717060108350829465
764574775770111718
9895414622009906859
15870173063197920109
12318678976060320472
6816447482398354051
9861201514644704711
14423249781179985963
8435424732931969947
16741427519906793198
12862848538810122405
18371113353154573510
8137894249044000392
10038356318744919518
13057300370786171479
9697472726300210498
803213464037326760
7551976328832516546
14393819896590944476
15983489136643873376
8349350779006370517
9700528847358893607
13642218449460020325
1522723157972501689
16459853772803986040
16843155218577806807
12552957070054495790
2177066311553891912
17293496019180778016
103491538001324972
9754084544193173537
710636737934643495
11727442382934748630
14118841584071606822
11487625789246887647
18262596559462961118
5747716194896623603
12889172465977659469
15663890102671263017
15791696888807342210
5984470475175297880
8471479933295432223
13640382504311660521
10115028197484453932
10304173211599863290
8459362818823942200
6938764331448698725
1628198922705988923
1104735098216295803
6079281258216052471
10135322877306395518
18272245391665653346
10833252868181507547
14996130005141265171
1622868769198357746
18382958874871490963
17261281418490345945
7758963509938119313
8696924185786870002
11603471999528268538
17798531155688676525
4402904126899815089
18024066990614439351
1980730997769737
785045206561551404
9661880970652937227
2595202490620299897
2654586757685862065
11565230963567737304
9380804151254182264
265422664827515354
9908391571555373786
6687844271959919718
5447117109596583169
12641753190687683566
18399857130765712678
13796235921647054634
9532824237032471582
10220558514912736756
973738775246119968
1021634796486657518
10620953007316590761
16964524923366629896
4599693560358637988
11974559539450235103
13905372425589786703
5503523967283363622
14544417118256531221
10429453968044704479
4771374167577663368
2133857429280702029
4372485610625110305
13506982377273564802
371671063405049019
11346260945271046972
11923662281138679884
13322993360242302294
4462373280696100358
7945356632698099226
11546136122810160626
16443348714068748364
19362849659044561
15142830219169213039
15583192229684433134
15554764951894951367
14790248113946973120
14409551941099807311
12485392783518187190
8016598985172921140
9865123993651376709
7704079453568518319
12945697468261170538
15086427110248412481
5839005604286793767
3262143881683303563
