m 5
0 0
1 0
2 0
3 0
4 0
5 1
6 0
7 0
8 0
9 0
10 0
11 0
12 0
13 0
........
m 0
m 10
m 7
m 4
m 1
m 11
m 8
m 5
m 2
m 12
0 0
1 0
2 0
3 0
4 0
5 1
6 1
7 1
8 0
9 1
10 1
11 0
12 1
13 1
........
m 0
m 9
m 5
m 1
m 10
m 6
m 2
m 11
m 7
m 3
0 1
1 1
2 2
3 3
4 3
5 5
6 5
7 6
8 5
9 7
10 7
11 7
12 8
13 7
........
m 11
0 0
1 0
2 0
3 0
4 0
5 0
6 0
7 0
8 0
9 0
10 0
11 8
12 7
13 8
........
m 0
m 3
m 6
m 9
m 12
m 2
m 5
m 8
m 11
m 1
0 8
1 16
2 23
3 31
4 31
5 39
6 47
7 46
8 54
9 62
10 62
11 69
12 77
13 70
........
m 0
m 4
m 8
m 12
m 3
m 7
m 11
m 2
m 6
m 10
0 78
1 76
2 154
3 233
4 306
5 307
6 388
7 461
8 537
9 540
10 617
11 691
12 769
13 693
........
768
